20251126164543
20251128120000
20251201000000
20251201000001
20251201000002
20251201000003
20251201000004
20251201000005
20251201000006
20251201000007
20251201000008
20251201000009
20251201000010
20251202133645
20251202150829
20251205000000
20251209000000
20251209000001
20251209000002
20251212150346
20251212161828
20251215120000
20251215120001
20251215120002
20251215120003
20251217142757
20251219132855
20251223000000
20251223000001
20251223000002
20251223000003
20251223000004
20251223140708
20251223141522
20251223141541
20251223141554
20251223143428
20251223144131
20251223152940
20251231120000
20251231133507
20251231140000
20260106120000
20260106130000
20260106140000
20260107120000
20260107130000
20260108130502
20260109164708
20260112100000
20260220174324
20260220175906
20260220185802
20260220190035
20260220191054
20260220191140
20260220191238
20260223122346
20260223124827
20260223131351
20260223131507
20260223131529
20260223131822
20260223132641
20260223132842
20260223133248
20260223133539
20260223135109
20260223135520
20260223135842
20260223142758
20260223142942
20260223143409
20260223143943
20260223145028
20260223145421
20260223145738
20260223150149
20260223152355
20260224144042
20260224160000
20260226153559
20260302160009
20260302160347
20260304120000
20260304120001
20260304120002
20260304120003
20260304120004
20260304130000
20260304130001
20260304130002
20260304140000
20260304152819
20260304153639
20260304153657
20260304154347
20260304161730
20260304163211
20260304163229
20260304163307
20260304163335
20260304172346
20260304180000
20260305140135
20260305140740
20260305195737
20260305200239
20260305200812
20260311000000
20260311000001
20260312000000
20260312000001
20260402000000
20260402000001
20260402000002
20260403000000
20260403000001
20260422000000
20260422000001
20260422000002
20260422000003
20260422000004
20260422000005
20260423000000
20260423000001
20260508000000
20260508000001
