20260220174650
20260220175914
20260220185810
20260220190042
20260220191102
20260220191157
20260220191248
20260223122459
20260223124840
20260223131407
20260223131516
20260223131537
20260223131834
20260223132700
20260223132856
20260223133303
20260223133558
20260223135125
20260223135533
20260223135855
20260223142809
20260223142958
20260223143423
20260223143959
20260223145047
20260223145441
20260223145757
20260223152410
20260224144417
20260224183207
20260226153651
20260226153845
20260226162523
20260302160204
20260302160357
20260302162547
20260302162750
20260302163004
20260302163403
20260302163728
20260302165135
20260302170454
20260304141745
20260304142552
20260304143047
20260304143229
20260304144017
20260304144437
20260304144613
20260304150136
20260304150818
20260304151929
20260304153206
20260304153647
20260304153727
20260304154357
20260304161736
20260304163215
20260304163234
20260304163327
20260304163337
20260304172353
20260304172617
20260304172641
20260304172812
20260304172819
20260304182557
20260304182747
20260305140232
20260305140758
20260305140850
20260305195826
20260305200303
20260305200858
20260311112028
20260311112610
20260323135920
20260325124328
20260325124849
20260325125008
20260325125449
20260402154528
20260402160024
20260402174947
20260403170620
20260403173644
20260406115228
20260406141259
20260421150524
20260421150531
20260421150540
20260421150550
20260421152102
20260422120108
